one_hot_legend

classical  country  hip_hop  pop  rock

K = 2

[[  27.    2.    3.    3.    1.]
 [ 646.  696.  689.  687.  691.]]

K = 3

[[   0.    2.    3.    1.    0.]
 [  47.    1.    2.    7.    1.]
 [ 626.  695.  687.  682.  691.]]

K = 4

[[  27.    0.    1.    2.    1.]
 [   0.    2.    3.    1.    0.]
 [ 590.  692.  683.  677.  688.]
 [  56.    4.    5.   10.    3.]]

K = 5

[[  27.    0.    1.    2.    1.]
 [  40.    3.    2.    8.    0.]
 [ 555.  684.  678.  665.  669.]
 [  51.    9.    8.   14.   22.]
 [   0.    2.    3.    1.    0.]]

K = 6

[[  36.    7.    5.    8.    8.]
 [  65.    9.   22.   25.   31.]
 [   0.    2.    3.    1.    0.]
 [  27.    0.    1.    2.    1.]
 [ 505.  677.  659.  646.  652.]
 [  40.    3.    2.    8.    0.]]

K = 7

[[   0.    2.    3.    0.    0.]
 [  36.    7.    5.    8.    8.]
 [   5.    0.    0.    2.    0.]
 [  40.    3.    2.    8.    0.]
 [ 505.  677.  659.  646.  652.]
 [  65.    9.   22.   25.   31.]
 [  22.    0.    1.    1.    1.]]

K =8 

[[  18.    1.    1.    5.    0.]
 [   0.    2.    3.    0.    0.]
 [  89.   20.   29.   39.   35.]
 [   5.    0.    0.    2.    0.]
 [  34.    9.    4.   11.   12.]
 [ 474.  664.  651.  629.  642.]
 [  22.    0.    1.    1.    1.]
 [  31.    2.    3.    3.    2.]]

K = 9

[[ 125.   29.   46.   61.   42.]
 [  30.    2.    3.    3.    2.]
 [  22.    0.    1.    1.    1.]
 [  27.    7.   12.   17.   20.]
 [  18.    1.    1.    5.    0.]
 [  28.    7.    2.    4.    6.]
 [   5.    0.    0.    2.    0.]
 [ 418.  650.  624.  597.  621.]
 [   0.    2.    3.    0.    0.]]

K = 10

[[ 278.  109.  137.  166.  132.]
 [ 108.   26.   43.   53.   36.]
 [   0.    2.    3.    0.    0.]
 [ 158.  544.  490.  439.  498.]
 [  26.    7.   12.   17.   17.]
 [  18.    1.    1.    5.    0.]
 [  22.    0.    1.    1.    1.]
 [   5.    0.    0.    2.    0.]
 [  30.    2.    3.    3.    2.]
 [  28.    7.    2.    4.    6.]]
