10k_means_rock_sig
[ 139.   65.  564.  237.  113.  496.  384.  553.  507.  387.]
2k_means_rock_sig
[ 1783.  1662.]
3k_means_rock_sig
[ 1402.  1371.   672.]
4k_means_rock_sig
[ 1450.   648.   694.   653.]
5k_means_rock_sig
[  798.   712.   513.  1174.   248.]
6k_means_rock_sig
[ 857.  323.  899.  348.  225.  793.]
7k_means_rock_sig
[ 865.  205.  635.  613.  770.  171.  186.]
8k_means_rock_sig
[ 731.  696.  335.  217.  402.   94.  300.  670.]
9k_means_rock_sig
[ 507.  383.  584.  651.  197.  140.  332.   66.  585.]
