ROCK SIGNIFICANT OUTPUT FEATURES:

[29,3,39,72,8,119,68,83,94,16,59,14,105,41,28,77,118,18,79,65,35,43,95,101] (not zero indexed)

one_hot encoding:

classical  country  hip_hop  pop  rock

K = 2

[[ 357.  459.  213.  329.  425.]
 [ 316.  239.  479.  361.  267.]]

K = 3

[[ 286.  371.  160.  241.  344.]
 [ 202.  302.  303.  321.  243.]
 [ 185.   25.  229.  128.  105.]]

K = 4

[[ 223.  402.  222.  286.  317.]
 [ 175.   26.  217.  127.  103.]
 [ 124.  114.  185.  166.  105.]
 [ 151.  156.   68.  111.  167.]]

K = 5

[[ 122.   78.  237.  192.  169.]
 [ 121.  114.  191.  169.  117.]
 [ 123.  128.   55.   81.  126.]
 [ 192.  372.  143.  214.  253.]
 [ 115.    6.   66.   34.   27.]]

K = 6

[[ 124.  216.  169.  186.  162.]
 [  94.   69.   34.   60.   66.]
 [ 158.  291.   88.  136.  226.]
 [  78.   31.  103.   83.   53.]
 [ 109.    5.   59.   33.   19.]
 [ 110.   86.  239.  192.  166.]]

K = 7

[[ 138.  267.  117.  173.  170.]
 [  99.    5.   51.   31.   19.]
 [ 100.  205.   62.   97.  171.]
 [  98.  114.  146.  153.  102.]
 [ 119.   78.  235.  176.  162.]
 [  47.    5.   65.   25.   29.]
 [  72.   24.   16.   35.   39.]]

K = 8

[[ 156.  233.   67.  121.  154.]
 [  89.  114.  201.  171.  121.]
 [  74.   52.   81.   84.   44.]
 [  95.    4.   61.   30.   27.]
 [  48.   29.  146.   89.   90.]
 [  63.    5.    4.   12.   10.]
 [  55.   74.   32.   57.   82.]
 [  93.  187.  100.  126.  164.]]

K = 9

[[  53.   37.  210.  113.   94.]
 [  63.   55.   73.   99.   93.]
 [ 139.  160.   70.  130.   85.]
 [ 105.  220.   54.   88.  184.]
 [  61.    6.   68.   32.   30.]
 [  43.   25.   15.   23.   34.]
 [  76.   45.   79.   86.   46.]
 [  64.    0.    0.    1.    1.]
 [  69.  150.  123.  118.  125.]]

K = 10

[[  42.   25.   15.   23.   34.]
 [  63.    0.    0.    1.    1.]
 [  69.  157.   93.  111.  134.]
 [  52.    6.  104.   40.   35.]
 [  42.    2.   40.   12.   17.]
 [  43.   55.  189.  112.   97.]
 [  58.   57.   74.  105.   90.]
 [  94.  193.   40.   69.  157.]
 [ 141.  134.   46.  116.   70.]
 [  69.   69.   91.  101.   57.]]
