10k_means_pop_sig
[ 505.   61.  528.  448.  386.  251.  419.    6.  302.  539.]
2k_means_pop_sig
[ 1081.  2364.]
3k_means_pop_sig
[ 1687.   364.  1394.]
4k_means_pop_sig
[   67.   693.  1360.  1325.]
5k_means_pop_sig
[ 1256.   812.   258.  1108.    11.]
6k_means_pop_sig
[  151.  1031.   512.     9.   857.   885.]
7k_means_pop_sig
[ 829.   85.    7.  428.  613.  678.  805.]
8k_means_pop_sig
[ 840.  292.  549.  702.  527.    6.  466.   63.]
9k_means_pop_sig
[ 479.  502.  418.    6.  698.   61.  520.  488.  273.]
