POP SIGNIFICANT OUTPUT FEATURES:

[61,32,76,96,63,99,67,3,115,43,85,95,112,49,17,8,84,30,33,94,65] (not zero indexed)

one_hot encoding: 

classical  country  hip_hop  pop  rock

K = 2

[[ 258.  203.  193.  219.  208.]
 [ 415.  495.  499.  471.  484.]]

K = 3

[[ 238.  392.  375.  327.  355.]
 [  88.   59.   66.   73.   78.]
 [ 347.  247.  251.  290.  259.]]

K = 4

[[  12.    7.   19.   14.   15.]
 [ 161.  139.  121.  132.  140.]
 [ 342.  235.  240.  294.  249.]
 [ 158.  317.  312.  250.  288.]]

K = 5

[[ 293.  225.  229.  272.  237.]
 [ 187.  162.  137.  165.  161.]
 [  67.   39.   50.   52.   50.]
 [ 124.  270.  273.  198.  243.]
 [   2.    2.    3.    3.    1.]]

K = 6

[[  40.   18.   31.   33.   29.]
 [ 193.  216.  210.  205.  207.]
 [ 117.  101.   88.   95.  111.]
 [   1.    2.    2.    3.    1.]
 [  90.  209.  198.  168.  192.]
 [ 232.  152.  163.  186.  152.]]

K = 7

[[  87.  197.  199.  166.  180.]
 [  23.    8.   20.   18.   16.]
 [   1.    2.    1.    2.    1.]
 [  93.   80.   77.   83.   95.]
 [ 165.   77.  132.  136.  103.]
 [ 169.  138.  105.  144.  122.]
 [ 135.  196.  158.  141.  175.]]

K = 8

[[ 127.  185.  190.  163.  175.]
 [  75.   50.   47.   57.   63.]
 [ 135.  114.   66.  118.  116.]
 [  73.  177.  161.  135.  156.]
 [ 116.  109.   95.  110.   97.]
 [   1.    2.    0.    2.    1.]
 [ 133.   56.  114.   93.   70.]
 [  13.    5.   19.   12.   14.]]

K = 9

[[ 117.  100.   64.  100.   98.]
 [ 142.   60.  118.  105.   77.]
 [  35.   73.  142.   95.   73.]
 [   1.    2.    0.    2.    1.]
 [ 114.  165.  130.  133.  156.]
 [  11.    5.   19.   12.   14.]
 [ 114.  105.   91.  109.  101.]
 [  66.  141.   82.   82.  117.]
 [  73.   47.   46.   52.   55.]]

K = 10

[[ 122.  108.   67.  101.  107.]
 [  11.    5.   19.   12.   14.]
 [  92.  128.   92.   81.  135.]
 [  93.   97.   77.   86.   95.]
 [  55.  114.   50.   63.  104.]
 [  69.   43.   42.   49.   48.]
 [  32.   73.  154.   95.   65.]
 [   1.    2.    0.    2.    1.]
 [ 104.   29.   69.   66.   34.]
 [  94.   99.  122.  135.   89.]]

