COUNTRY SIGNIFICANT OUTPUT FEATURES:

[100,109,101,58,94,67,17,44,5,66,22,104,24,16,95,91,23,39,32,59,108,38,97,47,68] (not zero indexed)

one_hot encoding: 

classical  country  hip_hop  pop  rock

K = 2

[[ 428.  116.  148.  162.  148.]
 [ 245.  582.  544.  528.  544.]]

 K = 3

[[ 280.   29.   32.   44.   56.]
 [  79.  430.  339.  360.  418.]
 [ 314.  239.  321.  286.  218.]]

K = 4

[[ 193.   17.   16.   24.   31.]
 [ 252.  108.  149.  165.  132.]
 [ 197.  322.  367.  289.  223.]
 [  31.  251.  160.  212.  306.]]

K = 5

[[ 237.  107.  124.  131.  114.]
 [ 189.   14.   16.   24.   29.]
 [ 159.  238.  300.  224.  144.]
 [  26.  237.  147.  197.  295.]
 [  62.  102.  105.  114.  110.]]

K = 6

[[ 128.    8.    6.   14.   12.]
 [ 101.  237.  269.  192.  134.]
 [ 191.  141.  172.  171.  121.]
 [  42.  115.   86.  101.  104.]
 [ 190.   29.   52.   52.   56.]
 [  21.  168.  107.  160.  265.]]

K = 7

[[ 140.    9.    7.   14.   19.]
 [  12.  137.   89.  133.  243.]
 [  38.  125.   82.  116.  107.]
 [  83.  215.  236.  167.  116.]
 [ 179.  145.  172.  152.  108.]
 [ 180.   43.   49.   65.   52.]
 [  41.   24.   57.   43.   47.]]

K = 8

[[ 126.   82.  103.  116.   79.]
 [  27.  211.  162.  134.  119.]
 [  28.  120.   62.  105.   95.]
 [ 127.  163.  201.  138.   97.]
 [  53.   39.   68.   54.   59.]
 [  10.   51.   50.   88.  185.]
 [ 180.   26.   42.   44.   46.]
 [ 122.    6.    4.   11.   12.]]

K = 9

[[ 175.   21.   33.   42.   45.]
 [  33.   19.   43.   30.   32.]
 [  72.   75.  114.   86.   82.]
 [  24.  207.  155.  139.  129.]
 [  10.   46.   47.   65.  161.]
 [  86.  138.  158.  114.   80.]
 [ 133.   88.  107.  123.   81.]
 [  18.   98.   31.   80.   71.]
 [ 122.    6.    4.   11.   11.]]

K = 10

[[ 112.   72.   77.   95.   69.]
 [ 174.   20.   30.   40.   42.]
 [ 122.    6.    4.   11.   11.]
 [  19.   17.   29.   21.   24.]
 [   7.   55.   19.   53.   63.]
 [  10.   36.   41.   59.  147.]
 [  29.   83.   75.   93.   80.]
 [  99.  141.  171.  112.   81.]
 [  25.  213.  156.  132.  124.]
 [  76.   55.   90.   74.   51.]]
