HIP-HOP SIGNIFICANT OUTPUT FEATURES

[120,91,68,108,4,69,47,39,96,99,61,58,9,1,35,119,109,105,8,101] (not zero indexed)

one_hot encoding:

classical  country  hip_hop  pop  rock

K = 2

[[ 322.  206.  463.  340.  262.]
 [ 351.  492.  229.  350.  430.]]

K = 3

[[ 181.   35.  250.  134.  112.]
 [ 265.  360.  156.  243.  326.]
 [ 227.  303.  286.  313.  254.]]

K = 4

[[ 163.  221.   70.  129.  220.]
 [ 172.  244.  263.  261.  204.]
 [ 176.  209.  164.  187.  179.]
 [ 162.   24.  195.  113.   89.]]

K = 5

[[ 104.   60.  259.  166.  135.]
 [ 154.  212.   69.  140.  207.]
 [ 159.  234.  234.  237.  180.]
 [ 154.  186.   84.  123.  148.]
 [ 102.    6.   46.   24.   22.]]

K = 6

[[  90.   35.  240.  136.  119.]
 [ 157.  197.   59.  129.  193.]
 [ 146.  223.  156.  174.  160.]
 [  81.    3.   13.    3.    5.]
 [  92.   92.   43.   66.   90.]
 [ 107.  148.  181.  182.  125.]]

K = 7

[[  67.   23.  164.  104.   88.]
 [  97.    6.   36.   17.   16.]
 [  92.  121.  114.  134.   96.]
 [ 121.  193.   82.  113.  133.]
 [ 148.  184.   58.  111.  182.]
 [  67.   65.   29.   52.   60.]
 [  81.  106.  209.  159.  117.]]

K = 8

[[ 102.  157.  160.  151.  136.]
 [  65.    2.    2.    0.    0.]
 [ 131.  120.   38.   98.  106.]
 [  98.  235.   94.  122.  175.]
 [  61.   54.   27.   49.   51.]
 [  85.   72.   86.   81.   92.]
 [  54.   31.   87.   68.   40.]
 [  77.   27.  198.  121.   92.]]

K = 9

[[  85.   93.   25.   38.   96.]
 [  84.   68.   38.   49.   69.]
 [  66.    2.    2.    0.    0.]
 [ 107.  240.   86.  140.  165.]
 [  66.   79.   86.  106.   59.]
 [  88.   99.   80.  119.   93.]
 [  41.    9.   98.   47.   32.]
 [  77.   71.  143.   87.   82.]
 [  59.   37.  134.  104.   96.]]

K = 10

[[  64.  114.   90.  117.   85.]
 [  65.    2.    2.    0.    0.]
 [  73.   60.   15.   38.   75.]
 [  60.   33.  132.  100.   85.]
 [  85.   97.  130.   96.   75.]
 [ 104.  247.   72.  108.  179.]
 [  38.    4.   82.   40.   25.]
 [  78.   77.  101.  128.   91.]
 [  23.   10.   36.   23.   19.]
 [  83.   54.   32.   40.   58.]]


