CLASSICAL SIGNIFICANT OUTPUT FEATURES:

[72,81,122,83,90,69,27,14,36,76,1,5,94,77,63,2,9,28,101,32,82,121,30,84] (not zero indexed)

one_hot encoding: 

classical  country  hip_hop  pop  rock

K = 2

[[ 394.  103.  113.  130.  127.]
 [ 279.  595.  579.  560.  565.]]

K = 3

[[ 321.  246.  324.  286.  214.]
 [  77.  428.  336.  363.  427.]
 [ 275.   24.   32.   41.   51.]]

K = 4

[[  32.  267.  150.  211.  314.]
 [ 246.  105.  150.  167.  128.]
 [ 195.   17.   14.   21.   32.]
 [ 200.  309.  378.  291.  218.]]

K = 5

[[  23.  185.  106.  171.  270.]
 [ 188.   43.   55.   66.   60.]
 [ 138.    9.    7.   15.   16.]
 [ 111.  300.  307.  246.  199.]
 [ 213.  161.  217.  192.  147.]]

K = 6

[[ 154.  101.  144.  149.  106.]
 [ 183.   24.   41.   47.   48.]
 [  11.   83.   57.  107.  209.]
 [  52.  288.  209.  208.  177.]
 [ 128.    8.    5.   15.   12.]
 [ 145.  194.  236.  164.  140.]]

K = 7

[[ 112.    5.    4.   10.   11.]
 [  88.  186.  244.  183.  137.]
 [ 160.  131.  179.  158.  109.]
 [  31.  232.  120.  153.  158.]
 [   8.   52.   43.   73.  167.]
 [ 115.   74.   79.   86.   72.]
 [ 159.   18.   23.   27.   38.]]

K = 8

[[  23.  173.  109.  137.  158.]
 [ 148.  144.  173.  131.  102.]
 [   6.   42.   27.   47.  134.]
 [ 123.    7.    9.   14.   26.]
 [ 135.   32.   48.   55.   41.]
 [ 127.   80.  109.  114.   93.]
 [  52.  215.  216.  187.  136.]
 [  59.    5.    1.    5.    2.]]

K = 9

[[  56.    4.    1.    5.    0.]
 [ 130.   15.   21.   26.   31.]
 [  40.  192.  184.  151.  110.]
 [ 104.  138.  160.  119.  107.]
 [   4.   38.   25.   43.  134.]
 [  23.  162.   89.  134.  154.]
 [ 100.   65.   69.   70.   58.]
 [  88.    5.    7.   10.   20.]
 [ 128.   79.  136.  132.   78.]]

K = 10

[[  21.  162.   89.  134.  151.]
 [  42.  189.  184.  150.  114.]
 [  79.   69.   43.   54.   63.]
 [ 136.   18.   15.   34.   32.]
 [ 114.    7.    9.   12.   24.]
 [   1.    0.   39.   19.    3.]
 [ 123.   76.  131.  121.   72.]
 [  94.  137.  156.  118.   98.]
 [   4.   36.   25.   43.  133.]
 [  59.    4.    1.    5.    2.]]
